// 300 Epochs

const INDSIMS300 = [[1.0, 0.5153261970512751, 0.4353281711842137, 0.3765921447940298, 0.26251842650672685, 0.5320246969842136, 0.5544652989422357, 0.3848432132816598, 0.05750744642811757, 0.4203267354900819, 0.12996405280286696, 0.2320962400875879, 0.17151837003465528, 0.21842083192486558, 0.17283645324408886, -0.010863157518516346, -0.08250063690163424, -0.04411486698357499, 0.15847616808429424, 0.11487458659721787, 0.004000556747443286, -0.025038836581348145, 0.42425497609336127, 0.21447260776382493, 0.2877419912916968], [0.5153261970512751, 1.0, 0.5714166474815653, 0.48862980638665243, 0.34482148035540344, 0.5855447809512906, 0.5766293268065104, 0.5537046186734728, 0.26651073027997085, 0.5659244700613622, 0.4756712135159362, 0.24283254418400915, 0.18848526485541703, 0.28415852426645677, 0.3639400429474925, 0.006450704596486792, -0.0769847917574151, -0.06568955016278319, 0.04331052338955545, 0.20507134144448982, -0.12481420745904423, 0.08189501217975481, 0.45393259485065357, 0.7086818612388837, 0.4718282654841015], [0.4353281711842137, 0.5714166474815653, 0.9999999999999999, 0.32504636133124065, 0.03788895608614245, 0.47571252422013394, 0.40074517224423045, 0.2755871688490239, 0.055852373177434265, 0.47467094018175227, 0.34897456718783076, 0.43119589342423453, -0.22570836001309147, 0.35707599086764247, 0.34020767997971213, -0.29553965258630344, -0.1809023338903813, 0.03355223574642979, -0.052293486980041944, 0.09555730587758327, -0.1207509059125606, 0.0699890486821262, 0.27052871435428383, 0.4489000683521616, 0.2147018820172609], [0.3765921447940298, 0.48862980638665243, 0.32504636133124065, 0.9999999999999999, 0.6304266348863137, 0.39749698256100435, 0.47813717852423904, 0.40552392588562264, 0.19384161566005895, 0.676041755906334, 0.25481145095830626, 0.16486039860857662, 0.16238025656085114, -0.013831495596575129, 0.15484362203505203, 0.05850062583468904, -0.07325444300332544, 0.16003314025959403, 0.5222448061492246, 0.21871333309636548, 0.3624402985006309, -0.05658082994301201, 0.606153989255399, 0.20737520298063264, 0.5188421398704771], [0.26251842650672685, 0.34482148035540344, 0.03788895608614245, 0.6304266348863137, 1.0000000000000002, 0.17721167599759272, 0.3606953470675444, 0.34244294351550963, 0.13403455902412212, 0.2712342496313911, 0.08824363011442206, 0.06793608017675731, 0.23026424680855542, -0.18572569796566152, 0.06570301465760325, 0.2503536221883423, -0.0010379188317275675, 0.3096043797974783, 0.6240592675922143, 0.33049254992519306, 0.4766935896338493, -0.04208968433167497, 0.3304407700059248, 0.1789673038004048, 0.3503759127960942], [0.5320246969842136, 0.5855447809512906, 0.47571252422013394, 0.39749698256100435, 0.17721167599759272, 1.0, 0.47700025101224836, 0.27783962676097834, 0.11500416585769534, 0.49842758319643604, 0.32244801232780707, 0.353495883759561, 0.16423307836371018, 0.2683423756327316, 0.2505113846234397, -0.02665024302354747, -0.09324133541304959, -0.05770503201420105, 0.022374198163528657, 0.03204175436947867, 0.06643683431389395, 0.16459444503557694, 0.35348724362602946, 0.333614383353047, 0.4752612943080775], [0.5544652989422357, 0.5766293268065104, 0.40074517224423045, 0.47813717852423904, 0.3606953470675444, 0.47700025101224836, 1.0, 0.5174086255826071, 0.36753601741185205, 0.5260199748401408, 0.3019950910377531, 0.07335333347852978, 0.30330284398639523, 0.24823284853907912, 0.5493732395595823, -0.303848832462102, 0.09844698553428424, 0.1397383266511703, 0.3904583284225836, 0.5215898985403229, 0.11424947548650785, 0.0717874930102842, 0.537851121294115, 0.46182931205043554, 0.3415547762115824], [0.3848432132816598, 0.5537046186734728, 0.2755871688490239, 0.40552392588562264, 0.34244294351550963, 0.27783962676097834, 0.5174086255826071, 1.0000000000000002, 0.15093341106796787, 0.33928185067766026, 0.41753253097426857, -0.07703003966613715, 0.09247451620383551, 0.023942825540443607, 0.1848824965571251, -0.01197971656636974, 0.005265714912873798, -0.08778741647126188, 0.07324120309249306, 0.38001015339485444, 0.10841671453497735, -0.06215185349487061, 0.4296135274382341, 0.34428647779665666, 0.3289903752200793], [0.05750744642811757, 0.26651073027997085, 0.055852373177434265, 0.19384161566005895, 0.13403455902412212, 0.11500416585769534, 0.36753601741185205, 0.15093341106796787, 0.9999999999999999, 0.2662637149714655, -0.05036309850538547, 0.03765733581655743, 0.12289645367934261, 0.21336958947888618, 0.41011398098848195, -0.06596067254988583, 0.08341754929017128, 0.20566659527887682, 0.11386221291643997, 0.33748839529588176, -0.038066580739697826, 0.10457591908898396, 0.17100151257221707, 0.3309476725790214, 0.16267536755437934], [0.4203267354900819, 0.5659244700613622, 0.47467094018175227, 0.676041755906334, 0.2712342496313911, 0.49842758319643604, 0.5260199748401408, 0.33928185067766026, 0.2662637149714655, 0.9999999999999999, 0.18540932914296898, 0.1915072409632587, 0.09718014412995021, 0.10997640242686132, 0.31026291848133625, -0.12252858860445294, 0.019792962663189174, -0.028490278650961945, 0.10284717074293986, 0.2748663708774271, -0.032763955999182394, -0.0056191537330783185, 0.5704259521364258, 0.3465443046618041, 0.46931887919994686], [0.12996405280286696, 0.4756712135159362, 0.34897456718783076, 0.25481145095830626, 0.08824363011442206, 0.32244801232780707, 0.3019950910377531, 0.41753253097426857, -0.05036309850538547, 0.18540932914296898, 0.9999999999999998, 0.09948246870666012, -0.10983351674320928, 0.2553412650716694, 0.24219654160436346, -0.052976848853500846, -0.267432495184652, -0.028921986363596584, 0.040833827831464505, -0.0011930084105132542, -0.0730136416983754, 0.08205287837051284, 0.23830073108530744, 0.5492595782293116, 0.052307396111236505], [0.2320962400875879, 0.24283254418400915, 0.43119589342423453, 0.16486039860857662, 0.06793608017675731, 0.353495883759561, 0.07335333347852978, -0.07703003966613715, 0.03765733581655743, 0.1915072409632587, 0.09948246870666012, 1.0, -0.29556902967841575, 0.43870247934943435, 0.240714992578952, -0.0789369870454656, -0.04237808225326723, 0.007148350462137525, -0.005975206178409537, -0.09093377449961738, -0.047916401254354486, 0.07011143466827403, 0.1565966883239596, 0.2689543025156111, 0.08908558512566907], [0.17151837003465528, 0.18848526485541703, -0.22570836001309147, 0.16238025656085114, 0.23026424680855542, 0.16423307836371018, 0.30330284398639523, 0.09247451620383551, 0.12289645367934261, 0.09718014412995021, -0.10983351674320928, -0.29556902967841575, 0.9999999999999998, -0.2567347116924064, 0.06952410295859415, 0.11496914849925233, 0.4073456772045366, 0.06244542011565528, 0.18358059381832276, 0.30312391528342963, 0.19323350388599056, -0.1723849837814578, 0.2046003985419284, 0.04097207372088887, 0.24856528732973523], [0.21842083192486558, 0.28415852426645677, 0.35707599086764247, -0.013831495596575129, -0.18572569796566152, 0.2683423756327316, 0.24823284853907912, 0.023942825540443607, 0.21336958947888618, 0.10997640242686132, 0.2553412650716694, 0.43870247934943435, -0.2567347116924064, 0.9999999999999999, 0.23468702412218537, -0.1854042403443117, -0.07681717011029274, -0.10070812411279308, -0.04303100702157459, -0.09639850203250519, -0.2498673318069063, 0.42515595690076796, 0.210028759518619, 0.2742310965563166, 0.16442356092387092], [0.17283645324408886, 0.3639400429474925, 0.34020767997971213, 0.15484362203505203, 0.06570301465760325, 0.2505113846234397, 0.5493732395595823, 0.1848824965571251, 0.41011398098848195, 0.31026291848133625, 0.24219654160436346, 0.240714992578952, 0.06952410295859415, 0.23468702412218537, 1.0, -0.28610197928517445, -0.0019488175856245647, 0.04733125775579287, 0.13293030905930867, 0.2889813700489214, -0.11416958934670565, -0.016643419130694465, 0.39732556253048323, 0.45656026246139775, 0.15323539755653132], [-0.010863157518516346, 0.006450704596486792, -0.29553965258630344, 0.05850062583468904, 0.2503536221883423, -0.02665024302354747, -0.303848832462102, -0.01197971656636974, -0.06596067254988583, -0.12252858860445294, -0.052976848853500846, -0.0789369870454656, 0.11496914849925233, -0.1854042403443117, -0.28610197928517445, 1.0, -0.12162846795054502, -0.02968330525823225, 0.03271792369866328, -0.09625638311561095, -0.004188981426757183, 0.03589545982520558, -0.17785120428493947, 0.021309157808743442, 0.0791099757146884], [-0.08250063690163424, -0.0769847917574151, -0.1809023338903813, -0.07325444300332544, -0.0010379188317275675, -0.09324133541304959, 0.09844698553428424, 0.005265714912873798, 0.08341754929017128, 0.019792962663189174, -0.267432495184652, -0.04237808225326723, 0.4073456772045366, -0.07681717011029274, -0.0019488175856245647, -0.12162846795054502, 1.0000000000000002, 0.1927358742976081, 0.0009355963647783341, 0.39459096292499296, 0.12988563760525, -0.023759789039969236, -0.00291363337321334, 0.03835415587579527, -0.04494383818151035], [-0.04411486698357499, -0.06568955016278319, 0.03355223574642979, 0.16003314025959403, 0.3096043797974783, -0.05770503201420105, 0.1397383266511703, -0.08778741647126188, 0.20566659527887682, -0.028490278650961945, -0.028921986363596584, 0.007148350462137525, 0.06244542011565528, -0.10070812411279308, 0.04733125775579287, -0.02968330525823225, 0.1927358742976081, 1.0, 0.5579668906363879, 0.4748826862071279, 0.5272893715517423, -0.050552280919009554, 0.017946340450330674, 0.019233927365230524, 0.23422976685709526], [0.15847616808429424, 0.04331052338955545, -0.052293486980041944, 0.5222448061492246, 0.6240592675922143, 0.022374198163528657, 0.3904583284225836, 0.07324120309249306, 0.11386221291643997, 0.10284717074293986, 0.040833827831464505, -0.005975206178409537, 0.18358059381832276, -0.04303100702157459, 0.13293030905930867, 0.03271792369866328, 0.0009355963647783341, 0.5579668906363879, 1.0, 0.3276424683132609, 0.693940384880605, 0.031068481881294144, 0.2818780584049489, -0.0964673541702309, 0.2832212570729517], [0.11487458659721787, 0.20507134144448982, 0.09555730587758327, 0.21871333309636548, 0.33049254992519306, 0.03204175436947867, 0.5215898985403229, 0.38001015339485444, 0.33748839529588176, 0.2748663708774271, -0.0011930084105132542, -0.09093377449961738, 0.30312391528342963, -0.09639850203250519, 0.2889813700489214, -0.09625638311561095, 0.39459096292499296, 0.4748826862071279, 0.3276424683132609, 1.0000000000000002, 0.3898584974529953, -0.04809839159676107, 0.16045189662017909, 0.2052474129285774, 0.3218043842744372], [0.004000556747443286, -0.12481420745904423, -0.1207509059125606, 0.3624402985006309, 0.4766935896338493, 0.06643683431389395, 0.11424947548650785, 0.10841671453497735, -0.038066580739697826, -0.032763955999182394, -0.0730136416983754, -0.047916401254354486, 0.19323350388599056, -0.2498673318069063, -0.11416958934670565, -0.004188981426757183, 0.12988563760525, 0.5272893715517423, 0.693940384880605, 0.3898584974529953, 1.0, -0.054297747678014895, 0.06852017373526119, -0.27233805001555933, 0.37924979210486703], [-0.025038836581348145, 0.08189501217975481, 0.0699890486821262, -0.05658082994301201, -0.04208968433167497, 0.16459444503557694, 0.0717874930102842, -0.06215185349487061, 0.10457591908898396, -0.0056191537330783185, 0.08205287837051284, 0.07011143466827403, -0.1723849837814578, 0.42515595690076796, -0.016643419130694465, 0.03589545982520558, -0.023759789039969236, -0.050552280919009554, 0.031068481881294144, -0.04809839159676107, -0.054297747678014895, 1.0000000000000002, 0.05585701885139093, 0.1467211882433948, 0.038699587169939216], [0.42425497609336127, 0.45393259485065357, 0.27052871435428383, 0.606153989255399, 0.3304407700059248, 0.35348724362602946, 0.537851121294115, 0.4296135274382341, 0.17100151257221707, 0.5704259521364258, 0.23830073108530744, 0.1565966883239596, 0.2046003985419284, 0.210028759518619, 0.39732556253048323, -0.17785120428493947, -0.00291363337321334, 0.017946340450330674, 0.2818780584049489, 0.16045189662017909, 0.06852017373526119, 0.05585701885139093, 1.0000000000000002, 0.20773800561979422, 0.5640122556701253], [0.21447260776382493, 0.7086818612388837, 0.4489000683521616, 0.20737520298063264, 0.1789673038004048, 0.333614383353047, 0.46182931205043554, 0.34428647779665666, 0.3309476725790214, 0.3465443046618041, 0.5492595782293116, 0.2689543025156111, 0.04097207372088887, 0.2742310965563166, 0.45656026246139775, 0.021309157808743442, 0.03835415587579527, 0.019233927365230524, -0.0964673541702309, 0.2052474129285774, -0.27233805001555933, 0.1467211882433948, 0.20773800561979422, 1.0, 0.12277987205039916], [0.2877419912916968, 0.4718282654841015, 0.2147018820172609, 0.5188421398704771, 0.3503759127960942, 0.4752612943080775, 0.3415547762115824, 0.3289903752200793, 0.16267536755437934, 0.46931887919994686, 0.052307396111236505, 0.08908558512566907, 0.24856528732973523, 0.16442356092387092, 0.15323539755653132, 0.0791099757146884, -0.04494383818151035, 0.23422976685709526, 0.2832212570729517, 0.3218043842744372, 0.37924979210486703, 0.038699587169939216, 0.5640122556701253, 0.12277987205039916, 0.9999999999999999]];

export default INDSIMS300;