const SIMSDATA = [[1.0, 0.4771073332932618, 0.3375484521014923, 0.43395270630454347, 0.5437896996269238, 0.5165756120695806, 0.5343888938925968, 0.20631722882134723, 0.4764587077563556, 0.3958047227223831, 0.32048352082284215, 0.42959187129159754, 0.3535364383360059, 0.26635529643538974, 0.34924130318084584, 0.20745165027717766, 0.26441911529314516, 0.21745641487880188, 0.33736368389458693, 0.4859852436611967, 0.34312196202489925, 0.1758749721772486, 0.49020255116475514, 0.42772988576377385, 0.3825115466784854], [0.4771073332932618, 1.0, 0.7150122406867141, 0.4758421151674447, 0.4897145776564684, 0.3910638453458386, 0.7878308533068025, 0.6672075338132103, 0.3836790993380376, 0.5399937041899201, 0.5118990192022851, 0.622082194863799, 0.5949253602697192, 0.5271892563238283, 0.697651624661715, 0.5053047820453195, 0.25604450182567046, 0.31119724739525295, 0.4746158604232277, 0.6321148796797643, 0.4441995075505013, 0.5773497832593701, 0.5727493013155138, 0.6430109651934813, 0.4592797647536532], [0.3375484521014923, 0.7150122406867141, 1.0000000000000002, 0.3485828267141521, 0.3033262627046967, 0.49308518443671845, 0.5913848179514299, 0.5824992779095768, 0.15278955827039828, 0.5703882124363977, 0.6786649959144115, 0.7345816273430565, 0.7020504406045621, 0.7628328340979383, 0.7698544422430167, 0.7975342656827924, 0.26181810259256033, 0.3936910407195459, 0.4914567290115788, 0.4667345088509651, 0.3793284687029212, 0.8314354874936929, 0.594320784488885, 0.6909804124579324, 0.37121114215893225], [0.43395270630454347, 0.4758421151674447, 0.3485828267141521, 1.0000000000000002, 0.571685788848252, 0.4983435540975338, 0.5659295082504305, 0.39058232271487603, 0.11462693993515415, 0.35303422050592065, 0.5508207965186452, 0.41311239050296394, 0.3840414841629408, 0.24870793172318909, 0.19966721873846, 0.2401157289668812, 0.13065781026720805, 0.4327197479073137, 0.6016514109955874, 0.26758176845553744, 0.7451322518122135, 0.35155481394854826, 0.5927258854883326, 0.3041933987862231, 0.48543810002452475], [0.5437896996269238, 0.4897145776564684, 0.3033262627046967, 0.571685788848252, 0.9999999999999999, 0.5168538663771811, 0.589252965138582, 0.29469982646218895, 0.36269589159155696, 0.3880175649404412, 0.298387610790501, 0.32843594461429576, 0.2769731496499956, 0.1127729296382683, 0.2547363187991467, 0.19909716801714678, 0.22130542421579028, 0.3964597422516699, 0.56983301709721, 0.42092558102272365, 0.6535303777188338, 0.1056117553103926, 0.5338147780491268, 0.4640679590801634, 0.503228203876403], [0.5165756120695806, 0.3910638453458386, 0.49308518443671845, 0.4983435540975338, 0.5168538663771811, 1.0, 0.39096509876901697, 0.3302259580567641, 0.047208571288904315, 0.6912678753894255, 0.4805600659812915, 0.45495676785208916, 0.5370895313647246, 0.17337108009073376, 0.3372934090705664, 0.5645872204117611, 0.06936256227460035, 0.18828170029653182, 0.18076691143434995, 0.14244596301788456, 0.5101687484670595, 0.2761964618402734, 0.6978602670452343, 0.35876148393542495, 0.6579251590143478], [0.5343888938925968, 0.7878308533068025, 0.5913848179514299, 0.5659295082504305, 0.589252965138582, 0.39096509876901697, 1.0000000000000002, 0.512077896741661, 0.4146254399334477, 0.4941729931049948, 0.48406528641855867, 0.5873451505064687, 0.42556184165511546, 0.3963804060617176, 0.5700559462385815, 0.3789953627231917, 0.37681252407486704, 0.39048219683332785, 0.5771696235851806, 0.6815571071956699, 0.5171166947625192, 0.398233857809427, 0.7211418421834941, 0.6555031096011205, 0.45935284550750977], [0.20631722882134723, 0.6672075338132103, 0.5824992779095768, 0.39058232271487603, 0.29469982646218895, 0.3302259580567641, 0.512077896741661, 1.0, 0.07973749822954242, 0.5101009325656646, 0.36555152625860526, 0.3547920869837343, 0.41855015689006636, 0.37414670418187795, 0.36386517054952217, 0.3700217701705392, 0.07126604723586484, 0.2494637292912876, 0.36144008932684757, 0.26732111601368863, 0.2442677001256117, 0.4000490530443016, 0.42239166397509115, 0.4463344561079628, 0.36114208164929334], [0.4764587077563556, 0.3836790993380376, 0.15278955827039828, 0.11462693993515415, 0.36269589159155696, 0.047208571288904315, 0.4146254399334477, 0.07973749822954242, 0.9999999999999999, 0.06709258109197182, 0.12362313133865406, 0.260005552480723, 0.1519745761099363, 0.22834815278594978, 0.2950200547327721, -0.013112422962109634, 0.3027545791814081, 0.20314178824801274, 0.3874524876262318, 0.4088022231268214, 0.03830582580442416, 0.12498389538573348, 0.078476132569025, 0.3733993038478725, 0.06349475200614489], [0.3958047227223831, 0.5399937041899201, 0.5703882124363977, 0.35303422050592065, 0.3880175649404412, 0.6912678753894255, 0.4941729931049948, 0.5101009325656646, 0.06709258109197182, 1.0000000000000002, 0.2741321450447051, 0.399118053402272, 0.7345922367540186, 0.1946678917704982, 0.3707453821060318, 0.5227728472204781, 0.11002716174608314, 0.29527973995134965, 0.2193146232322192, 0.3204011532365538, 0.4908096698940832, 0.27905662259243114, 0.692294465717453, 0.48147320321229226, 0.703888045025373], [0.32048352082284215, 0.5118990192022851, 0.6786649959144115, 0.5508207965186452, 0.298387610790501, 0.4805600659812915, 0.48406528641855867, 0.36555152625860526, 0.12362313133865406, 0.2741321450447051, 0.9999999999999999, 0.7687299011188403, 0.4640973932638886, 0.680436012438345, 0.5207749964935242, 0.6538389197913237, -0.015496799020508056, 0.2636525947252822, 0.4027429797176057, 0.17548691884068388, 0.4059251331621194, 0.6910419394925958, 0.48229391564632484, 0.456356187694613, 0.1580327035014819], [0.42959187129159754, 0.622082194863799, 0.7345816273430565, 0.41311239050296394, 0.32843594461429576, 0.45495676785208916, 0.5873451505064687, 0.3547920869837343, 0.260005552480723, 0.399118053402272, 0.7687299011188403, 1.0000000000000002, 0.5347544118963847, 0.6823145961360003, 0.7027059298403645, 0.701578781592564, 0.06609215944840904, 0.21439524152603034, 0.38463945861312426, 0.3032153555659066, 0.3252009335333568, 0.6462997674879627, 0.5410772764225249, 0.6433605195638432, 0.2830586641000595], [0.3535364383360059, 0.5949253602697192, 0.7020504406045621, 0.3840414841629408, 0.2769731496499956, 0.5370895313647246, 0.42556184165511546, 0.41855015689006636, 0.1519745761099363, 0.7345922367540186, 0.4640973932638886, 0.5347544118963847, 1.0, 0.5104967307407472, 0.5933650884603697, 0.5534863461966988, 0.13933989359661722, 0.2676739941203243, 0.2661952684849644, 0.3997053755772751, 0.5125012246596139, 0.5735229953853829, 0.4379708014774863, 0.5490645311337402, 0.6430625148805028], [0.26635529643538974, 0.5271892563238283, 0.7628328340979383, 0.24870793172318909, 0.1127729296382683, 0.17337108009073376, 0.3963804060617176, 0.37414670418187795, 0.22834815278594978, 0.1946678917704982, 0.680436012438345, 0.6823145961360003, 0.5104967307407472, 0.9999999999999999, 0.6478386768199724, 0.6144865463484812, 0.061930129898078494, 0.35283327347687743, 0.4715381144092446, 0.3132551441817441, 0.23697860812951443, 0.8028668923529384, 0.3319897019013796, 0.47049137135268043, 0.06134379489641638], [0.34924130318084584, 0.697651624661715, 0.7698544422430167, 0.19966721873846, 0.2547363187991467, 0.3372934090705664, 0.5700559462385815, 0.36386517054952217, 0.2950200547327721, 0.3707453821060318, 0.5207749964935242, 0.7027059298403645, 0.5933650884603697, 0.6478386768199724, 1.0000000000000002, 0.7702051993437998, 0.21644688765850262, 0.22620505204716865, 0.2967072794366688, 0.5450696630571392, 0.21466440127351474, 0.7269294394844734, 0.3799806397502667, 0.6639184096221792, 0.16796304924861563], [0.20745165027717766, 0.5053047820453195, 0.7975342656827924, 0.2401157289668812, 0.19909716801714678, 0.5645872204117611, 0.3789953627231917, 0.3700217701705392, -0.013112422962109634, 0.5227728472204781, 0.6538389197913237, 0.701578781592564, 0.5534863461966988, 0.6144865463484812, 0.7702051993437998, 0.9999999999999999, 0.08301528117291575, 0.32732677687132633, 0.22050747180904823, 0.2382241013574217, 0.2593591605216881, 0.743139490654335, 0.5497889235798137, 0.537029671742623, 0.2419181865954985], [0.26441911529314516, 0.25604450182567046, 0.26181810259256033, 0.13065781026720805, 0.22130542421579028, 0.06936256227460035, 0.37681252407486704, 0.07126604723586484, 0.3027545791814081, 0.11002716174608314, -0.015496799020508056, 0.06609215944840904, 0.13933989359661722, 0.061930129898078494, 0.21644688765850262, 0.08301528117291575, 1.0, 0.41663916288714853, 0.35191483781163924, 0.46976412383945276, 0.24146793183957724, 0.10638200436153307, 0.1700448509459553, 0.39983036302177666, 0.21869405507300424], [0.21745641487880188, 0.31119724739525295, 0.3936910407195459, 0.4327197479073137, 0.3964597422516699, 0.18828170029653182, 0.39048219683332785, 0.2494637292912876, 0.20314178824801274, 0.29527973995134965, 0.2636525947252822, 0.21439524152603034, 0.2676739941203243, 0.35283327347687743, 0.22620505204716865, 0.32732677687132633, 0.41663916288714853, 0.9999999999999999, 0.6038160037253365, 0.39615901959486455, 0.5443446358437097, 0.3006477368585351, 0.3997228644804462, 0.32435845730042373, 0.30273114846721794], [0.33736368389458693, 0.4746158604232277, 0.4914567290115788, 0.6016514109955874, 0.56983301709721, 0.18076691143434995, 0.5771696235851806, 0.36144008932684757, 0.3874524876262318, 0.2193146232322192, 0.4027429797176057, 0.38463945861312426, 0.2661952684849644, 0.4715381144092446, 0.2967072794366688, 0.22050747180904823, 0.35191483781163924, 0.6038160037253365, 1.0, 0.5570204055535821, 0.6150415286403618, 0.4685658386535032, 0.5171544587005987, 0.4193964415312389, 0.30924367146195375], [0.4859852436611967, 0.6321148796797643, 0.4667345088509651, 0.26758176845553744, 0.42092558102272365, 0.14244596301788456, 0.6815571071956699, 0.26732111601368863, 0.4088022231268214, 0.3204011532365538, 0.17548691884068388, 0.3032153555659066, 0.3997053755772751, 0.3132551441817441, 0.5450696630571392, 0.2382241013574217, 0.46976412383945276, 0.39615901959486455, 0.5570204055535821, 0.9999999999999999, 0.3797981430861045, 0.29427111848743553, 0.4306040216556184, 0.5381646506741172, 0.34353605974936297], [0.34312196202489925, 0.4441995075505013, 0.3793284687029212, 0.7451322518122135, 0.6535303777188338, 0.5101687484670595, 0.5171166947625192, 0.2442677001256117, 0.03830582580442416, 0.4908096698940832, 0.4059251331621194, 0.3252009335333568, 0.5125012246596139, 0.23697860812951443, 0.21466440127351474, 0.2593591605216881, 0.24146793183957724, 0.5443446358437097, 0.6150415286403618, 0.3797981430861045, 1.0000000000000002, 0.30978402025479984, 0.6066963191005635, 0.29952050189624113, 0.7006435856468812], [0.1758749721772486, 0.5773497832593701, 0.8314354874936929, 0.35155481394854826, 0.1056117553103926, 0.2761964618402734, 0.398233857809427, 0.4000490530443016, 0.12498389538573348, 0.27905662259243114, 0.6910419394925958, 0.6462997674879627, 0.5735229953853829, 0.8028668923529384, 0.7269294394844734, 0.743139490654335, 0.10638200436153307, 0.3006477368585351, 0.4685658386535032, 0.29427111848743553, 0.30978402025479984, 0.9999999999999998, 0.37892183136882324, 0.501025965406285, 0.09234211309837628], [0.49020255116475514, 0.5727493013155138, 0.594320784488885, 0.5927258854883326, 0.5338147780491268, 0.6978602670452343, 0.7211418421834941, 0.42239166397509115, 0.078476132569025, 0.692294465717453, 0.48229391564632484, 0.5410772764225249, 0.4379708014774863, 0.3319897019013796, 0.3799806397502667, 0.5497889235798137, 0.1700448509459553, 0.3997228644804462, 0.5171544587005987, 0.4306040216556184, 0.6066963191005635, 0.37892183136882324, 1.0, 0.3869507418202272, 0.5957096828412375], [0.42772988576377385, 0.6430109651934813, 0.6909804124579324, 0.3041933987862231, 0.4640679590801634, 0.35876148393542495, 0.6555031096011205, 0.4463344561079628, 0.3733993038478725, 0.48147320321229226, 0.456356187694613, 0.6433605195638432, 0.5490645311337402, 0.47049137135268043, 0.6639184096221792, 0.537029671742623, 0.39983036302177666, 0.32435845730042373, 0.4193964415312389, 0.5381646506741172, 0.29952050189624113, 0.501025965406285, 0.3869507418202272, 1.0000000000000002, 0.3582726149886323], [0.3825115466784854, 0.4592797647536532, 0.37121114215893225, 0.48543810002452475, 0.503228203876403, 0.6579251590143478, 0.45935284550750977, 0.36114208164929334, 0.06349475200614489, 0.703888045025373, 0.1580327035014819, 0.2830586641000595, 0.6430625148805028, 0.06134379489641638, 0.16796304924861563, 0.2419181865954985, 0.21869405507300424, 0.30273114846721794, 0.30924367146195375, 0.34353605974936297, 0.7006435856468812, 0.09234211309837628, 0.5957096828412375, 0.3582726149886323, 1.0]];

export default SIMSDATA;